[gd_scene load_steps=7 format=3 uid="uid://bh4cp84850sre"]

[ext_resource type="Script" uid="uid://b4rluihx854f6" path="res://collectible.gd" id="1_200vn"]
[ext_resource type="Script" uid="uid://2krkxyv4u8qy" path="res://csg_combiner_3d.gd" id="2_kxb6e"]

[sub_resource type="StandardMaterial3D" id="StandardMaterial3D_wivt8"]
albedo_color = Color(0.377155, 0.543685, 0.829065, 1)

[sub_resource type="StandardMaterial3D" id="StandardMaterial3D_200vn"]

[sub_resource type="StandardMaterial3D" id="StandardMaterial3D_kxb6e"]
albedo_color = Color(1, 1, 0, 1)

[sub_resource type="CylinderShape3D" id="CylinderShape3D_kxb6e"]
height = 0.75
radius = 1.0

[node name="Crystal" type="Node3D"]
script = ExtResource("1_200vn")

[node name="CSGCombiner3D" type="CSGCombiner3D" parent="."]
material_override = SubResource("StandardMaterial3D_wivt8")
script = ExtResource("2_kxb6e")

[node name="CSGBox3D" type="CSGBox3D" parent="CSGCombiner3D"]
material_override = SubResource("StandardMaterial3D_200vn")

[node name="CSGBox3D2" type="CSGBox3D" parent="CSGCombiner3D"]
transform = Transform3D(1, 0, 0, 0, 0.967037, 0.254636, 0, -0.254636, 0.967037, -0.0133057, -0.307742, -0.854281)
material_override = SubResource("StandardMaterial3D_200vn")
operation = 2
size = Vector3(1.37134, 1.49121, 1)

[node name="CSGBox3D3" type="CSGBox3D" parent="CSGCombiner3D"]
transform = Transform3D(-1, 2.23318e-08, -8.45224e-08, 0, 0.966823, 0.255446, 8.74228e-08, 0.255446, -0.966823, -0.0133057, -0.307742, 0.867416)
material_override = SubResource("StandardMaterial3D_200vn")
operation = 2
size = Vector3(1.37134, 1.49121, 1)

[node name="CSGBox3D4" type="CSGBox3D" parent="CSGCombiner3D"]
transform = Transform3D(-0.769634, -0.00635179, 0.638454, 0.638486, -0.00765651, 0.769596, 2.14898e-08, 0.999951, 0.00994824, 0.712817, 0.750639, 0.0331531)
material_override = SubResource("StandardMaterial3D_200vn")
operation = 2
size = Vector3(1.37134, 1.49121, 1)

[node name="CSGBox3D7" type="CSGBox3D" parent="CSGCombiner3D"]
transform = Transform3D(-0.769342, 0.00939976, 0.638768, 0.63872, -0.00780384, 0.769399, 0.012217, 0.999925, 7.61723e-09, -0.851251, 0.84091, 0.0331531)
material_override = SubResource("StandardMaterial3D_200vn")
operation = 2
size = Vector3(1.37134, 1.49121, 1)

[node name="CSGBox3D8" type="CSGBox3D" parent="CSGCombiner3D"]
transform = Transform3D(0.011991, 0.999928, -5.58222e-08, 0.638486, -0.00765657, 0.769596, 0.76954, -0.00922823, -0.638532, -0.0248948, 0.750639, -0.747624)
material_override = SubResource("StandardMaterial3D_200vn")
operation = 2
size = Vector3(1.37134, 1.49121, 1)

[node name="CSGBox3D9" type="CSGBox3D" parent="CSGCombiner3D"]
transform = Transform3D(0.0122171, 0.999925, -5.58428e-08, 0.63872, -0.00780384, 0.769399, 0.769342, -0.00939986, -0.638768, -0.113539, 0.84091, 0.81393)
material_override = SubResource("StandardMaterial3D_200vn")
operation = 2
size = Vector3(1.37134, 1.49121, 1)

[node name="CSGBox3D5" type="CSGBox3D" parent="CSGCombiner3D"]
transform = Transform3D(0.225291, -0.00275258, 0.974287, 0.974215, -0.0119029, -0.225308, 0.0122171, 0.999925, -2.86538e-08, 0.889784, -0.110861, 0.0331531)
material_override = SubResource("StandardMaterial3D_200vn")
operation = 2
size = Vector3(1.37134, 1.49121, 1)

[node name="CSGBox3D6" type="CSGBox3D" parent="CSGCombiner3D"]
transform = Transform3D(-0.17257, 0.00210843, 0.984995, 0.984922, -0.0120337, 0.172582, 0.012217, 0.999925, 1.12668e-08, -0.908944, -0.099875, 0.0331531)
material_override = SubResource("StandardMaterial3D_200vn")
operation = 2
size = Vector3(1.37134, 1.49121, 1)

[node name="CSGCombiner3D3" type="CSGCombiner3D" parent="."]
transform = Transform3D(1, 0, 0, 0, 1, 0, 0, 0, 1, -0.25, 0, 0)
material_override = SubResource("StandardMaterial3D_kxb6e")

[node name="CSGBox3D" type="CSGBox3D" parent="CSGCombiner3D3"]
transform = Transform3D(1, 0, 0, 0, 1, 0, 0, 0, 1, 0.264635, 0.29761, 0.364693)
size = Vector3(0.139038, 0.237305, 0.164551)

[node name="CSGBox3D2" type="CSGBox3D" parent="CSGCombiner3D3"]
transform = Transform3D(1, 0, 0, 0, 0.928122, -0.372275, 0, 0.372275, 0.928122, 0.264635, 0.496086, 0.426748)
size = Vector3(0.139038, 0.237305, 0.164551)

[node name="CSGBox3D3" type="CSGBox3D" parent="CSGCombiner3D3"]
transform = Transform3D(1, 0, 0, 0, 0.999399, 0.0346553, 0, -0.0346553, 0.999399, 0.264635, 0.688459, 0.455305)
size = Vector3(0.139038, 0.237305, 0.164551)

[node name="CSGBox3D4" type="CSGBox3D" parent="CSGCombiner3D3"]
transform = Transform3D(1, 0, 0, 0, 0.917512, 0.397708, 0, -0.397708, 0.917512, 0.264635, 0.873648, 0.400898)
size = Vector3(0.139038, 0.237305, 0.164551)

[node name="CSGBox3D5" type="CSGBox3D" parent="CSGCombiner3D3"]
transform = Transform3D(1, 0, 0, 0, 0.806217, 0.591619, 0, -0.591619, 0.806217, 0.264635, 1.02292, 0.303267)
size = Vector3(0.139038, 0.237305, 0.164551)

[node name="CSGBox3D6" type="CSGBox3D" parent="CSGCombiner3D3"]
transform = Transform3D(1, 0, 0, 0, 0.498276, 0.867018, 0, -0.867018, 0.498276, 0.264635, 1.14875, 0.154977)
size = Vector3(0.139038, 0.237305, 0.164551)

[node name="CSGBox3D7" type="CSGBox3D" parent="CSGCombiner3D3"]
transform = Transform3D(1, 0, 0, 0, 0.146722, 0.989178, 0, -0.989178, 0.146722, 0.264635, 1.20033, -0.03102)
size = Vector3(0.139038, 0.237305, 0.164551)

[node name="Area3D" type="Area3D" parent="."]

[node name="CollisionShape3D" type="CollisionShape3D" parent="Area3D"]
shape = SubResource("CylinderShape3D_kxb6e")

[connection signal="body_entered" from="Area3D" to="." method="_on_area_3d_body_entered"]
